pass tile     nadir-lat-start(deg)     nadir-lon-start(deg)     nadir-hdg-start(deg) //Nom_orbit
0001 0001   -77.662869169999979135   -83.347344750000047497    90.000000000000000000
0001 0002   -77.647436619999993468   -80.483176529999980175    87.114009899999999220
0001 0003   -77.605144559999999387   -77.815862310000056823    84.426285789999994336
0001 0004   -77.536202979999998774   -75.172360910000008971    81.762390550000006328
0001 0005   -77.441050439999983723   -72.563410630000021229    79.133070270000004598
0001 0006   -77.320276579999998035   -69.998901970000076744    76.548223169999985771
0001 0007   -77.174604639999998312   -67.487684059999992314    74.016706179999999904
0001 0008   -77.004871259999987387   -65.037428789999978562    71.546198930000002747
0001 0009   -76.812004700000002799   -62.654553140000018630    69.143126179999995884
0001 0010   -76.597002689999996505   -60.344198160000019016    66.812636720000000423
0001 0011   -76.360911079999993945   -58.110257779999983541    64.558632279999997650
0001 0012   -76.104803790000005392   -55.955446150000057060    62.383834739999997510
0001 0013   -75.829764919999988138   -53.881395520000069155    60.289884139999998069
0001 0014   -75.536873279999994679   -51.888773270000058346    58.277455609999989861
0001 0015   -75.227189460000005283   -49.977408309999987068    56.346385840000003498
0001 0016   -74.901745349999984569   -48.146420139999975163    54.495802099999998802
0001 0017   -74.561536230000001524   -46.394344100000012077    52.724247490000003324
0001 0018   -74.207514870000011342   -44.719248590000006516    51.029798190000001057
0001 0019   -73.840587519999999699   -43.118840920000025108    49.410169269999997255
0001 0020   -73.461611629999993056   -41.590561630000081550    47.862809059999989358
0001 0021   -73.071394810000001030   -40.131665720000000874    46.384980339999998478
0001 0022   -72.670694760000017709   -38.739291110000010576    44.973828799999999717
0001 0023   -72.260220189999984086   -37.410516120000011142    43.626440530000003548
0001 0024   -71.840632240000005027   -36.142405619999919963    42.339888199999990093
0001 0025   -71.412546349999999507   -34.932048310000027413    41.111268279999997333
0001 0026   -70.976534499999999639   -33.776585560000000896    39.937729939999996986
0001 0027   -70.533127449999980740   -32.673233149999987290    38.816496739999998056
0001 0028   -70.082817380000008711   -31.619297809999920901    37.744883219999998403
0001 0029   -69.626060199999997735   -30.612188109999976859    36.720305719999998928
0001 0030   -69.163278089999991494   -29.649422070000014173    35.740290070000000355
0001 0031   -68.694861869999996884   -28.728631370000016432    34.802475770000000921
0001 0032   -68.221173260000000482   -27.847563009999987571    33.904617620000003342
0001 0033   -67.742547070000000531   -27.004079270000033830    33.044585689999998124
0001 0034   -67.259293249999998920   -26.196155879999992067    32.220363560000002678
0001 0035   -66.771698830000005387   -25.421879400000022997    31.430045570000000765
0001 0036   -66.280029670000004671   -24.679443429999992077    30.671833190000000968
0001 0037   -65.784532159999997702   -23.967144700000005741    29.944030950000001923
0001 0038   -65.285434769999994842   -23.283378410000011627    29.245041910000001195
0001 0039   -64.782949479999999198   -22.626633610000055796    28.573362949999999927
0001 0040   -64.277273009999987607   -21.995488309999984722    27.927579930000000275
0001 0041   -63.768588170000001014   -21.388604769999972177    27.306362960000001294
0001 0042   -63.257064890000002322   -20.804724700000008397    26.708461620000001346
0001 0043   -62.742861179999998456   -20.242664599999955044    26.132700299999999771
0001 0044   -62.226124239999990095   -19.701311490000023241    25.577973879999998275
0001 0045   -61.706991150000000346   -19.179618409999989126    25.043243289999999490
0001 0046   -61.185589719999995850   -18.676600430000007691    24.527531499999998488
0001 0047   -60.662039200000002381   -18.191330750000076932    24.029919629999998421
0001 0048   -60.136451010000001816   -17.722937120000040068    23.549543329999995223
0001 0049   -59.608929199999991511   -17.270598189999986971    23.085589190000000315
0001 0050   -59.079571139999998763   -16.833540410000011889    22.637291590000000241
0001 0051   -58.548467969999997251   -16.411034920000020065    22.203929639999998358
0001 0052   -58.015705059999994830   -16.002394659999993110    21.784824229999998124
0001 0053   -57.481362429999997232   -15.606971669999950336    21.379335390000001382
0001 0054   -56.945515219999997214   -15.224154650000059519    20.986859799999997733
0001 0055   -56.408233930000001521   -14.853366540000081386    20.606828409999998541
0001 0056   -55.869584830000000863   -14.494062340000027689    20.238704259999998669
0001 0057   -55.329630250000001013   -14.145727109999995719    19.881980429999995152
0001 0058   -54.788428860000003340   -13.807874029999993581    19.536178159999995074
0001 0059   -54.246035910000003355   -13.480042630000014015    19.200845060000002462
0001 0060   -53.702503489999998010   -13.161797100000001137    18.875553400000004700
0001 0061   -53.157880720000001418   -12.852724820000048567    18.559898690000000698
0001 0062   -52.612214000000001590   -12.552434860000005301    18.253498119999999716
0001 0063   -52.065547130000005893   -12.260556640000004336    17.955989269999996338
0001 0064   -51.517921549999989850   -11.976738720000014382    17.667028880000000157
0001 0065   -50.969376459999999440   -11.700647610000032728    17.386291650000000431
0001 0066   -50.419948920000003056   -11.431966660000000502    17.113469150000000241
0001 0067   -49.869674129999999934   -11.170395080000048438    16.848268869999994735
0001 0068   -49.318585389999995527   -10.915646990000084315    16.590413180000002313
0001 0069   -48.766714340000007155   -10.667450529999996434    16.339638529999998440
0001 0070   -48.214090960000000052   -10.425546989999986636    16.095694550000001044
0001 0071   -47.660743830000001253   -10.189690159999997832    15.858343400000000756
0001 0072   -47.106699999999996464    -9.959645469999998113    15.627358879999999175
0001 0073   -46.551985289999997519    -9.735189400000024307    15.402525930000001253
0001 0074   -45.996624240000002715    -9.516108830000007401    15.183639880000001199
0001 0075   -45.440640279999989559    -9.302200480000010430    14.970505949999999729
0001 0076   -44.884055650000000526    -9.093270280000069761    14.762938600000000022
0001 0077   -44.326891629999998656    -8.889132930000073429    14.560761120000002222
0001 0078   -43.769168510000000083    -8.689611409999940861    14.363805089999999609
0001 0079   -43.210905689999997037    -8.494536470000014106    14.171909940000000816
0001 0080   -42.652121680000007586    -8.303746279999984381    13.984922510000000528
0001 0081   -42.092834179999996991    -8.117085970000005091    13.802696700000000263
0001 0082   -41.533060200000001316    -7.934407309999983227    13.625093050000000261
0001 0083   -40.972815889999999683    -7.755568270000082975    13.451978400000001557
0001 0084   -40.412116839999995932    -7.580432819999998628    13.283225590000000693
0001 0085   -39.850977950000000760    -7.408870490000026621    13.118713109999998068
0001 0086   -39.289413539999998193    -7.240756169999997383    12.958324850000000339
0001 0087   -38.727437299999998288    -7.075969789999930981    12.801949779999999279
0001 0088   -38.165062450000000638    -6.914396080000017264    12.649481740000000585
0001 0089   -37.602301679999996509    -6.755924310000011701    12.500819200000000464
0001 0090   -37.039167119999994782    -6.600448060000019268    12.355864970000002501
0001 0091   -36.475670550000003800    -6.447865040000010595    12.214526049999999913
0001 0092   -35.911823270000006403    -6.298076840000021548    12.076713409999999982
0001 0093   -35.347636120000004212    -6.150988740000002508    11.942341790000000401
0001 0094   -34.783119620000000793    -6.006509579999999460    11.811329510000001974
0001 0095   -34.218283919999997522    -5.864551539999922625    11.683598359999999516
0001 0096   -33.653138769999998203    -5.725029959999972107    11.559073350000000246
0001 0097   -33.087693620000003136    -5.587863260000005994    11.437682629999999406
0001 0098   -32.521957590000006633    -5.452972709999983181    11.319357319999999945
0001 0099   -31.955939510000000325    -5.320282360000021527    11.204031369999999157
0001 0100   -31.389647930000002418    -5.189718869999978779    11.091641459999999952
0001 0101   -30.823091120000000842    -5.061211399999990590    10.982126839999997614
0001 0102   -30.256277109999999197    -4.934691489999977421    10.875429260000000653
0001 0103   -29.689213639999998406    -4.810092940000060935    10.771492800000000756
0001 0104   -29.121908309999994913    -4.687351739999996880    10.670263860000000378
0001 0105   -28.554368400000001316    -4.566405929999973523    10.571690959999999748
0001 0106   -27.986601069999998970    -4.447195519999979751    10.475724729999999596
0001 0107   -27.418613170000000423    -4.329662390000009964    10.382317779999999274
0001 0108   -26.850411499999996323    -4.213750220000008540    10.291424629999998075
0001 0109   -26.282002580000000336    -4.099404420000041682    10.203001639999998318
0001 0110   -25.713392779999999505    -3.986571990000015830    10.117006910000000630
0001 0111   -25.144588339999998539    -3.875201530000026651    10.033400249999999687
0001 0112   -24.575595329999998739    -3.765243110000028537     9.952143069999999980
0001 0113   -24.006419619999999071    -3.656648220000022320     9.873198359999999951
0001 0114   -23.437067020000000639    -3.549369720000015604     9.796530589999999705
0001 0115   -22.867543210000000897    -3.443361750000065058     9.722105689999999356
0001 0116   -22.297853660000001241    -3.338579700000025241     9.649890969999999513
0001 0117   -21.728003770000000827    -3.234980109999980868     9.579855050000000816
0001 0118   -21.157998849999998470    -3.132520699999986391     9.511967900000000142
0001 0119   -20.587844090000000818    -3.031160220000003847     9.446200669999999633
0001 0120   -20.017544510000000457    -2.930858460000024479     9.382525749999999221
0001 0121   -19.447105119999999800    -2.831576199999972232     9.320916659999999965
0001 0122   -18.876530809999998439    -2.733275139999989278     9.261348070000000376
0001 0123   -18.305826360000001074    -2.635917889999973340     9.203795700000000579
0001 0124   -17.734996479999995955    -2.539467880000017885     9.148236340000002187
0001 0125   -17.164045819999998344    -2.443889389999981177     9.094647769999999909
0001 0126   -16.592978909999999360    -2.349147430000016357     9.043008770000000140
0001 0127   -16.021800240000001025    -2.255207760000018880     8.993299060000000011
0001 0128   -15.450514220000000520    -2.162036860000000615     8.945499279999999942
0001 0129   -14.879125219999998819    -2.069601850000083232     8.899590970000000212
0001 0130   -14.307637509999999281    -1.977870479999978670     8.855556529999999427
0001 0131   -13.736055350000002662    -1.886811120000004394     8.813379219999999847
0001 0132   -13.164382879999999787    -1.796392690000004677     8.773043119999998751
0001 0133   -12.592624230000000196    -1.706584650000024794     8.734533089999999333
0001 0134   -12.020783480000000409    -1.617356989999962025     8.697834780000000876
0001 0135   -11.448864690000000621    -1.528680150000013782     8.662934630000000524
0001 0136   -10.876871810000000806    -1.440525060000027224     8.629819769999999224
0001 0137   -10.304808789999997387    -1.352863049999996292     8.598478100000001234
0001 0138    -9.732679570000000169    -1.265665860000012799     8.568898210000002180
0001 0139    -9.160487990000000025    -1.178905629999974281     8.541069390000000539
0001 0140    -8.588237890000000263    -1.092554809999967347     8.514981600000000483
0001 0141    -8.015933090000000760    -1.006586229999982152     8.490625480000000280
0001 0142    -7.443577399999999678    -0.920972989999938818     8.467992320000000461
0001 0143    -6.871174510000000346    -0.835688479999987521     8.447074069999997548
0001 0144    -6.298728190000000282    -0.750706379999996898     8.427863280000000401
0001 0145    -5.726242129999999264    -0.666000559999986308     8.410353170000000489
0001 0146    -5.153720060000000380    -0.581545170000026701     8.394537550000000792
0001 0147    -4.581165580000001292    -0.497314500000015869     8.380410830000000644
0001 0148    -4.008582389999999940    -0.413283050000018193     8.367968039999999164
0001 0149    -3.435974120000000021    -0.329425469999989673     8.357204800000001654
0001 0150    -2.863344380000000022    -0.245716539999989436     8.348117309999999236
0001 0151    -2.290696790000000149    -0.162131180000017139     8.340702379999999749
0001 0152    -1.718034969999999939    -0.078644369999949504     8.334957380000000526
0001 0153    -1.145362510000000000     0.004768800000000000     8.330880260000000703
0001 0154    -0.572682970000000013     0.088133190000000000     8.328469560000000271
0001 0155    -0.000000000000000000     0.171473650000000005     8.327724370000000320
0001 0156     0.572682849999999966     0.254814959999999979     8.328644360000000191
0001 0157     1.145361979999999891     0.338181940000000014     8.331229799999997354
0001 0158     1.718033839999999923     0.421599410000000008     8.335481500000000210
0001 0159     2.290694760000000052     0.505092239999999970     8.341400860000000250
0001 0160     2.863341199999999809     0.588685349999999996     8.348989839999999774
0001 0161     3.435969539999999878     0.672403729999999977     8.358250990000000158
0001 0162     4.008576159999999611     0.756272489999999964     8.369187450000000084
0001 0163     4.581157450000000075     0.840316839999999954     8.381802929999999208
0001 0164     5.153709749999999978     0.924562120000000043     8.396101740000000646
0001 0165     5.726229440000000004     1.009033829999999909     8.412088769999998661
0001 0166     6.298712789999999728     1.093757669999999793     8.429769540000000561
0001 0167     6.871156200000000602     1.178759509999999899     8.449150150000001247
0001 0168     7.443555879999999014     1.264065449999999924     8.470237329999999787
0001 0169     8.015908140000000515     1.349701819999999941     8.493038439999999412
0001 0170     8.588209230000000360     1.435695229999999878     8.517561459999997808
0001 0171     9.160455369999999320     1.522072569999999958     8.543815029999999311
0001 0172     9.732642739999999293     1.608861019999999753     8.571808449999998913
0001 0173    10.304767489999999697     1.696088089999999937     8.601551660000000155
0001 0174    10.876825759999999121     1.783781669999999986     8.633055320000000421
0001 0175    11.448813649999998177     1.871970009999999851     8.666330750000000194
0001 0176    12.020727190000000562     1.960681749999999779     8.701389999999999958
0001 0177    12.592562420000000145     2.049945989999999885     8.738245850000000203
0001 0178    13.164315269999999458     2.139792250000000173     8.776911800000000596
0001 0179    13.735981699999999961     2.230250559999999993     8.817402149999999494
0001 0180    14.307557570000000169     2.321351449999999428     8.859731939999999639
0001 0181    14.879038710000003221     2.413125969999999842     8.903917030000000565
0001 0182    15.450420870000000306     2.505605769999999843     8.949974100000000377
0001 0183    16.021699779999998725     2.598823079999999841     8.997920690000000832
0001 0184    16.592871070000001055     2.692810759999999970     9.047775180000000361
0001 0185    17.163930349999997560     2.787602349999999785     9.099556869999998909
0001 0186    17.734873119999996050     2.883232070000000480     9.153285959999999832
0001 0187    18.305694819999999368     2.979734890000000025     9.208983639999999582
0001 0188    18.876390810000000187     3.077146529999999824     9.266672029999998728
0001 0189    19.446956409999998527     3.175503550000000175     9.326374310000000278
0001 0190    20.017386810000001418     3.274843330000000385     9.388114670000000217
0001 0191    20.587677140000000264     3.375204160000000009     9.451918400000000275
0001 0192    21.157822380000002482     3.476625250000000555     9.517811910000000708
0001 0193    21.727817510000001278     3.579146799999999740     9.585822759999999221
0001 0194    22.297657319999999004     3.682810040000000562     9.655979719999999489
0001 0195    22.867336510000001226     3.787657249999999642     9.728312790000000376
0001 0196    23.436849710000004166     3.893731869999999873     9.802853279999999003
0001 0197    24.006191420000000392     4.001078500000000204     9.879633809999999627
0001 0198    24.575355929999997073     4.109742980000000045     9.958688420000001429
0001 0199    25.144337509999999725     4.219772449999999786    10.040052559999999460
0001 0200    25.713130230000000864     4.331215389999998777    10.123763209999999901
0001 0201    26.281728019999999191     4.444121729999999992    10.209858900000000403
0001 0202    26.850124650000001481     4.558542850000000257    10.298379759999999550
0001 0203    27.418313770000001028     4.674531729999999996    10.389367650000002286
0001 0204    27.986288829999999450     4.792142950000000567    10.482866160000000377
0001 0205    28.554043069999995197     4.911432809999999094    10.578920710000000227
0001 0206    29.121569579999999178     5.032459409999999522    10.677578640000001897
0001 0207    29.688861249999998648     5.155282720000000651    10.778889300000001228
0001 0208    30.255910760000002568     5.279964679999999966    10.882904090000000252
0001 0209    30.822710550000003593     5.406569300000000133    10.989676579999999362
0001 0210    31.389252860000002698     5.535162749999999576    11.099262650000000008
0001 0211    31.955529680000001491     5.665813469999999796    11.211720489999999373
0001 0212    32.521532720000003280     5.798592269999999438    11.327110820000001468
0001 0213    33.087253419999996140     5.933572469999998766    11.445496920000000074
0001 0214    33.652682980000001578     6.070830009999999888    11.566944790000000864
0001 0215    34.217812270000003139     6.210443579999999741    11.691523269999999357
0001 0216    34.782631819999998868     6.352494749999999968    11.819304170000000553
0001 0217    35.347131889999999999     6.497068129999999719    11.950362429999998426
0001 0218    35.911302360000000533     6.644251540000000844    12.084776250000000886
0001 0219    36.475132690000002356     6.794136109999999285    12.222627250000000387
0001 0220    37.038612049999997566     6.946816519999998718    12.364000640000000431
0001 0221    37.601729120000001672     7.102391149999999875    12.508985450000000839
0001 0222    38.164472160000002532     7.260962270000000274    12.657674610000000825
0001 0223    38.726828990000001340     7.422636260000000874    12.810165270000000604
0001 0224    39.288786969999996757     7.587523820000002139    12.966558960000000411
0001 0225    39.850332860000001745     7.755740170000000155    13.126961780000000246
0001 0226    40.411452969999999141     7.927405369999999785    13.291484719999999697
0001 0227    40.972133010000000297     8.102644489999999422    13.460243870000001110
0001 0228    41.532358059999999966     8.281587940000001424    13.633360679999999121
0001 0229    42.092112559999996790     8.464371729999999872    13.810962299999999914
0001 0230    42.651380289999998752     8.651137809999999817    13.993181839999998317
0001 0231    43.210144329999998547     8.842034410000000122    14.180158719999999661
0001 0232    43.768386960000000840     9.037216329999999687    14.372039020000002552
0001 0233    44.326089619999997637     9.236845349999999399    14.568975839999998456
0001 0234    44.883233009999997876     9.441090680000000290    14.771129730000000180
0001 0235    45.439796780000001775     9.650129270000000759    14.978669069999998698
0001 0236    45.995759679999991931     9.864146379999999326    15.191770519999998612
0001 0237    46.551099460000003205    10.083336000000000965    15.410619580000000539
0001 0238    47.105792710000002899    10.307901369999999730    15.635410999999995951
0001 0239    47.659814869999998166    10.538055520000000342    15.866349380000000835
0001 0240    48.213140189999997176    10.774021919999999142    16.103649770000000530
0001 0241    48.765741570000002980    11.016035040000000222    16.347538279999998423
0001 0242    49.317590479999999786    11.264341059999999572    16.598252739999999505
0001 0243    49.868656909999998561    11.519198559999997755    16.856043429999999717
0001 0244    50.418909270000000333    11.780879329999997651    17.121173879999997069
0001 0245    50.968314229999990062    12.049669169999999596    17.393921630000001244
0001 0246    51.516836630000000241    12.325868760000000535    17.674579130000001470
0001 0247    52.064439419999992253    12.609794640000000499    17.963454750000003912
0001 0248    52.611083419999999933    12.901780219999999133    18.260873719999999309
0001 0249    53.156727179999997190    13.202176790000001105    18.567179219999999873
0001 0250    53.701326930000000459    13.511354830000000149    18.882733580000000018
0001 0251    54.244836300000002893    13.829705130000000679    19.207919509999999974
0001 0252    54.787206159999996657    14.157640170000002300    19.543141439999999420
0001 0253    55.328384460000002321    14.495595610000000519    19.888826959999999389
0001 0254    55.868315959999996778    14.844031779999999898    20.245428369999999063
0001 0255    56.406942039999997007    15.203435310000001479    20.613424299999998368
0001 0256    56.944200350000009792    15.574320970000002262    20.993321529999999342
0001 0257    57.480024700000001303    15.957233589999999523    21.385656910000001574
0001 0258    58.014344549999989908    16.352749970000004964    21.790999289999998467
0001 0259    58.547084850000004508    16.761481249999999221    22.209951869999997598
0001 0260    59.078165569999995910    17.184075109999998432    22.643154410000001064
0001 0261    59.607501420000005510    17.621218400000000059    23.091285840000001173
0001 0262    60.135001249999994855    18.073639669999998603    23.555066820000003958
0001 0263    60.660567780000000937    18.542112240000001577    24.035262780000000049
0001 0264    61.184096949999990045    19.027457089999998630    24.532686840000000217
0001 0265    61.705477420000001132    19.530546180000001755    25.048203099999994947
0001 0266    62.224589979999997524    20.052305940000000106    25.582730139999998897
0001 0267    62.741306880000003332    20.593720909999998270    26.137244679999998453
0001 0268    63.255491100000007521    21.155837649999998717    26.712785440000001103
0001 0269    63.766995530000002645    21.739768760000000469    27.310457209999999151
0001 0270    64.275662199999999302    22.346697200000004813    27.931435149999995105
0001 0271    64.781321259999998574    22.977880790000000388    28.576969280000000140
0001 0272    65.283790019999997867    23.634656750000001324    29.248389020000001182
0001 0273    65.782871779999993578    24.318446439999998887    29.947107980000001959
0001 0274    66.278354729999989559    25.030760289999999912    30.674628800000000695
0001 0275    66.770010490000004211    25.773202420000000501    31.432547830000007849
0001 0276    67.257592790000003902    26.547475429999998653    32.222559930000002737
0001 0277    67.740835860000004232    27.355384910000005050    33.046462920000003294
0001 0278    68.219452889999999456    28.198843669999998696    33.906161879999999087
0001 0279    68.693134009999994305    29.079875049999998282    34.803672399999996401
0001 0280    69.161544629999994527    30.000616060000005803    35.741123749999999859
0001 0281    69.624323180000018851    30.963318739999998286    36.720760269999999537
0001 0282    70.081079060000007530    31.970350569999993695    37.744941689999997436
0001 0283    70.531390299999998206    33.024192599999999231    38.816141360000003147
0001 0284    70.974801220000003354    34.127435349999998948    39.936942070000007732
0001 0285    71.410819910000014943    35.282771289999992348    41.110028579999998044
0001 0286    71.838915839999998525    36.492983649999999329    42.338176410000002647
0001 0287    72.258517380000000685    37.760930399999999452    43.624235830000003489
0001 0288    72.669009370000011927    39.089522139999999695    44.971109749999996552
0001 0289    73.069731020000006083    40.481693410000005429    46.381725010000003806
0001 0290    73.459973969999992960    41.940365610000000629    47.858995299999996575
0001 0291    73.838980870000000323    43.468400680000002012    49.405774880000002725
0001 0292    74.205944509999994807    45.068543849999997519    51.024801289999999199
0001 0293    74.560007850000005192    46.743355249999993362    52.718626970000002530
0001 0294    74.900265000000004534    48.495128559999997719    54.489537919999996518
0001 0295    75.225763589999999681    50.325797150000006752    56.339459820000001855
0001 0296    75.535508750000005307    52.236827949999998566    58.269851920000007794
0001 0297    75.828468890000010560    54.229104419999998754    60.281590000000008445
0001 0298    76.103583779999993908    56.302801610000003052    62.374841449999998133
0001 0299    76.359774839999985829    58.457256839999999443    64.548935880000001930
0001 0300    76.595958170000002951    60.690843349999994416    66.802238880000004428
0001 0301    76.811059940000006918    63.000853190000000836    69.132034820000001218
0001 0302    77.004034300000000712    65.383399650000001202    71.534429320000000985
0001 0303    77.173883369999998649    67.833349099999992404    74.004281070000004661
0001 0304    77.319678650000000175    70.344292499999994561    76.535173349999993775
0001 0305    77.440583089999989852    72.908565929999994637    79.119434589999997343
0001 0306    77.535872890000007374    75.517327730000005204    81.748215459999997279
0001 0307    77.604957740000003241    78.160694399999997017    84.411624759999995149
0001 0308    77.647398259999988568    80.827933389999984115    87.098922299999998131
0002 0001    77.662994639999993751    83.707449819999993679    90.000000000000000000
0002 0002    77.647398259999988568    86.586966250000003242    92.901077720000003524
0002 0003    77.604957740000003241    89.254205240000004551    95.588375259999992295
0002 0004    77.535872890000007374    91.897571909999996365    98.251784569999998098
0002 0005    77.440583089999989852    94.506333720000000653   100.880565430000004312
0002 0006    77.319678650000000175    97.070607150000000729   103.464826669999993669
0002 0007    77.173883369999998649    99.581550539999994953   105.995718949999996994
0002 0008    77.004034300000000712   102.031499990000014577   108.465570700000000670
0002 0009    76.811059940000006918   104.414046450000000732   110.867965200000000436
0002 0010    76.595958170000002951   106.724056289999992941   113.197761139999997226
0002 0011    76.359774839999985829   108.957642799999987915   115.451064139999999725
0002 0012    76.103583779999993908   111.112097959999999830   117.625158500000026152
0002 0013    75.828468890000010560   113.185795150000004128   119.718409950000008735
0002 0014    75.535508739999997374   115.178071689999995897   121.730148100000008071
0002 0015    75.225763589999999681   117.089102490000001922   123.660540200000014011
0002 0016    74.900264989999996601   118.919771080000003849   125.510462099999998031
0002 0017    74.560007839999997259   120.671544389999993996   127.281373049999999125
0002 0018    74.205944509999994807   122.346355779999967694   128.975198720000008734
0002 0019    73.838980870000000323   123.946498959999999556   130.594225130000012314
0002 0020    73.459973959999999238   125.474534030000000939   132.141004710000004252
0002 0021    73.069731020000006083   126.933206220000002418   133.618275000000011232
0002 0022    72.669009370000011927   128.325377500000030295   135.028890259999997170
0002 0023    72.258517380000000685   129.653969230000001289   136.375764180000004444
0002 0024    71.838915839999998525   130.921915979999994306   137.661823599999991075
0002 0025    71.410819910000014943   132.132128340000008393   138.889971430000002783
0002 0026    70.974801209999995422   133.287464279999966266   140.063057939999993096
0002 0027    70.531390299999998206   134.390707029999987299   141.183858649999990575
0002 0028    70.081079060000007530   135.444549060000014151   142.255058319999989180
0002 0029    69.624323180000018851   136.451580890000002455   143.279239740000008396
0002 0030    69.161544620000000805   137.414283570000037571   144.258876249999985930
0002 0031    68.693134009999994305   138.335024570000001631   145.196327609999997321
0002 0032    68.219452880000005734   139.216055960000005598   146.093838129999994635
0002 0033    67.740835869999997954   140.059514689999986103   146.953537060000002157
0002 0034    67.257592780000010180   140.867424199999959455   147.777440079999990985
0002 0035    66.770010490000004211   141.641697200000010071   148.567452170000024125
0002 0036    66.278354719999995837   142.384139330000010659   149.325371209999985922
0002 0037    65.782871769999999856   143.096453190000005407   150.052892030000009527
0002 0038    65.283790010000004145   143.780242880000002970   150.751610980000009476
0002 0039    64.781321250000004852   144.437018829999999525   151.423030729999993582
0002 0040    64.275662190000005580   145.068202420000005759   152.068564850000001343
0002 0041    63.766995530000002645   145.675130870000032246   152.689542799999998124
0002 0042    63.255491110000001242   146.259061959999996816   153.287214540000036322
0002 0043    62.741306880000003332   146.821178709999998091   153.862755320000019310
0002 0044    62.224589979999997524   147.362593690000011293   154.417269860000004655
0002 0045    61.705477420000001132   147.884353439999983948   154.951796900000005053
0002 0046    61.184096940000010534   148.387442539999995006   155.467313170000039690
0002 0047    60.660567769999993004   148.872787380000005442   155.964737219999989293
0002 0048    60.135001240000001133   149.341259949999994205   156.444933190000000423
0002 0049    59.607501420000005510   149.793681230000004234   156.908714169999996102
0002 0050    59.078165569999995910   150.230824519999998756   157.356845600000013974
0002 0051    58.547084839999989470   150.653418380000005072   157.790048130000002402
0002 0052    58.014344560000004947   151.062149640000029649   158.209000700000018469
0002 0053    57.480024700000001303   151.457666039999992336   158.614343090000005532
0002 0054    56.944200350000009792   151.840578649999997651   159.006678469999997105
0002 0055    56.406942039999997007   152.211464309999996658   159.386575699999980316
0002 0056    55.868315959999996778   152.570867850000013277   159.754571639999994659
0002 0057    55.328384450000001493   152.919304009999990512   160.111173040000039691
0002 0058    54.787206150000002935   153.257259449999963863   160.456858560000000580
0002 0059    54.244836290000009171   153.585194499999971640   160.792080489999989368
0002 0060    53.701326919999992526   153.903544790000040621   161.117266419999992877
0002 0061    53.156727170000003468   154.212722829999989926   161.432820779999985916
0002 0062    52.611083409999999105   154.513119409999973186   161.739126279999993585
0002 0063    52.064439419999992253   154.805104980000010073   162.036545249999988982
0002 0064    51.516836630000000241   155.089030860000008261   162.325420879999995805
0002 0065    50.968314229999990062   155.365230450000012752   162.606078380000013794
0002 0066    50.418909270000000333   155.634020289999966735   162.878826120000013589
0002 0067    49.868656900000004839   155.895701070000029631   163.143956570000000283
0002 0068    49.317590479999999786   156.150558560000007446   163.401747260000007600
0002 0069    48.765741570000002980   156.398864580000008573   163.652461719999990919
0002 0070    48.213140189999997176   156.640877710000012257   163.896350229999995918
0002 0071    47.659814869999998166   156.876844110000035926   164.133650619999997389
0002 0072    47.105792710000002899   157.106998259999983247   164.364589000000023589
0002 0073    46.551099460000003205   157.331563620000025594   164.589380419999997684
0002 0074    45.995759679999991931   157.550753240000005917   164.808229479999994282
0002 0075    45.439796770000000947   157.764770350000020471   165.021330940000012788
0002 0076    44.883233009999997876   157.973808950000005780   165.228870269999987386
0002 0077    44.326089629999998465   158.178054269999989856   165.431024159999992662
0002 0078    43.768386960000000840   158.377683289999993121   165.627960980000011659
0002 0079    43.210144329999998547   158.572865210000003344   165.819841279999991457
0002 0080    42.651380289999998752   158.763761810000005426   166.006818170000002510
0002 0081    42.092112559999996790   158.950527889999989384   166.189037700000000086
0002 0082    41.532358059999999966   159.133311689999999317   166.366639319999961799
0002 0083    40.972132999999999470   159.312255130000011150   166.539756140000008600
0002 0084    40.411452969999999141   159.487494249999997464   166.708515279999971881
0002 0085    39.850332860000001745   159.659159450000004199   166.873038220000012188
0002 0086    39.288786960000010140   159.827375810000006595   167.033441040000013800
0002 0087    38.726828990000001340   159.992263360000038119   167.189834730000001173
0002 0088    38.164472150000001704   160.153937350000006745   167.342325390000013385
0002 0089    37.601729110000000844   160.312508470000011584   167.491014560000024858
0002 0090    37.038612049999997566   160.468083100000029617   167.635999359999999569
0002 0091    36.475132690000002356   160.620763519999968594   167.777372759999991558
0002 0092    35.911302349999999706   160.770648080000000846   167.915223749999995562
0002 0093    35.347131889999999999   160.917831489999969108   168.049637570000015785
0002 0094    34.782631819999998868   161.062404880000002549   168.180695829999990565
0002 0095    34.217812259999995206   161.204456039999996619   168.308476729999995314
0002 0096    33.652682970000000751   161.344069609999991144   168.433055209999992030
0002 0097    33.087253419999996140   161.481327150000026904   168.554503079999989268
0002 0098    32.521532720000003280   161.616307349999999587   168.672889179999998532
0002 0099    31.955529680000001491   161.749086150000010775   168.788279509999995298
0002 0100    31.389252860000002698   161.879736869999987903   168.900737359999993714
0002 0101    30.822710560000004421   162.008330319999998892   169.010323419999991756
0002 0102    30.255910760000002568   162.134934939999993730   169.117095910000017511
0002 0103    29.688861239999997821   162.259616899999997486   169.221110699999996996
0002 0104    29.121569570000001903   162.382440209999998615   169.322421359999992774
0002 0105    28.554043060000001475   162.503466809999991938   169.421079289999966022
0002 0106    27.986288819999998623   162.622756669999972701   169.517133840000013834
0002 0107    27.418313780000001856   162.740367889999987483   169.610632350000003044
0002 0108    26.850124640000000653   162.856356769999990775   169.701620240000011108
0002 0109    26.281728019999999191   162.970777889999993704   169.790141099999999597
0002 0110    25.713130220000003590   163.083684229999988702   169.876236790000035626
0002 0111    25.144337499999995345   163.195127170000006345   169.959947440000007646
0002 0112    24.575355929999997073   163.305156640000006973   170.041311589999963871
0002 0113    24.006191409999999564   163.413821119999994380   170.120366189999998596
0002 0114    23.436849710000004166   163.521167749999989383   170.197146720000006326
0002 0115    22.867336500000000399   163.627242370000033134   170.271687210000038704
0002 0116    22.297657309999998176   163.732089580000007345   170.344020279999995182
0002 0117    21.727817500000000450   163.835752820000010388   170.414177239999986568
0002 0118    21.157822380000002482   163.938274369999987812   170.482188089999993963
0002 0119    20.587677129999999437   164.039695459999990135   170.548081599999989066
0002 0120    20.017386810000001418   164.140056289999989758   170.611885330000035310
0002 0121    19.446956409999998527   164.239396069999997962   170.673625690000022814
0002 0122    18.876390810000000187   164.337753090000006750   170.733327970000004825
0002 0123    18.305694809999998540   164.435164729999996780   170.791016359999986207
0002 0124    17.734873109999995222   164.531667550000037181   170.846714039999994839
0002 0125    17.163930339999996733   164.627297270000013896   170.900443139999964615
0002 0126    16.592871070000001055   164.722088860000013710   170.952224819999969441
0002 0127    16.021699770000001450   164.816076540000011619   171.002079309999999168
0002 0128    15.450420870000000306   164.909293850000040038   171.050025900000008505
0002 0129    14.879038700000002393   165.001773649999989857   171.096082970000026080
0002 0130    14.307557570000000169   165.093548169999991160   171.140268069999990530
0002 0131    13.735981699999999961   165.184649059999998144   171.182597850000007611
0002 0132    13.164315269999999458   165.275107370000000628   171.223088200000006509
0002 0133    12.592562409999999318   165.364953630000030671   171.261754150000001573
0002 0134    12.020727190000000562   165.454217870000007906   171.298609999999996489
0002 0135    11.448813639999997349   165.542929609999987406   171.333669250000014017
0002 0136    10.876825769999999949   165.631117950000003702   171.366944680000017343
0002 0137    10.304767489999999697   165.718811530000010634   171.398448339999958989
0002 0138     9.732642739999999293   165.806038610000001654   171.428191550000008192
0002 0139     9.160455369999999320   165.892827049999965539   171.456184970000009571
0002 0140     8.588209230000000360   165.979204390000006697   171.482438540000003968
0002 0141     8.015908140000000515   166.065197799999964445   171.506961560000007694
0002 0142     7.443555879999999014   166.150834169999995993   171.529762669999996660
0002 0143     6.871156189999999775   166.236140110000008008   171.550849849999991648
0002 0144     6.298712789999999728   166.321141949999997678   171.570230460000004769
0002 0145     5.726229430000000065   166.405865790000007109   171.587911229999974694
0002 0146     5.153709749999999978   166.490337509999989152   171.603898259999994025
0002 0147     4.581157439999999248   166.574582779999985860   171.618197069999979476
0002 0148     4.008576159999999611   166.658627130000013494   171.630812550000001693
0002 0149     3.435969549999999817   166.742495880000006991   171.641749010000012277
0002 0150     2.863341199999999809   166.826214270000008355   171.651010159999998450
0002 0151     2.290694750000000113   166.909807379999989507   171.658599140000006855
0002 0152     1.718033829999999762   166.993300210000001016   171.664518500000014001
0002 0153     1.145361979999999891   167.076717680000001565   171.668770200000011528
0002 0154     0.572682849999999966   167.160084659999995438   171.671355640000001586
0002 0155    -0.000000010000000000   167.243425980000012032   171.672275630000001456
0002 0156    -0.572682979999999953   167.326766430000020591   171.671530439999997952
0002 0157    -1.145362510000000000   167.410130830000014157   171.669119740000013508
0002 0158    -1.718034980000000100   167.493544000000014194   171.665042620000008355
0002 0159    -2.290696800000000088   167.577030799999988631   171.659297619999989593
0002 0160    -2.863344380000000022   167.660616159999989350   171.651882690000007869
0002 0161    -3.435974120000000021   167.744325089999989586   171.642795199999994793
0002 0162    -4.008582399999999879   167.828182669999989685   171.632031960000006166
0002 0163    -4.581165580000001292   167.912214119999958939   171.619589170000011791
0002 0164    -5.153720070000000320   167.996444789999998193   171.605462450000004537
0002 0165    -5.726242140000000980   168.080900179999986221   171.589646830000020827
0002 0166    -6.298728200000000221   168.165605999999996811   171.572136709999966797
0002 0167    -6.871174520000000285   168.250588109999995368   171.552925929999986465
0002 0168    -7.443577399999999678   168.335872609999995575   171.532007679999964012
0002 0169    -8.015933090000000760   168.421485850000010487   171.509374519999965969
0002 0170    -8.588237890000000263   168.507454429999995682   171.485018400000001293
0002 0171    -9.160488000000000852   168.593805250000002616   171.458930610000010120
0002 0172    -9.732679580000000996   168.680565480000012712   171.431101790000013807
0002 0173   -10.304808799999998215   168.767762669999967784   171.401521900000005871
0002 0174   -10.876871819999999857   168.855424679999998716   171.370180229999988342
0002 0175   -11.448864699999999672   168.943579770000042117   171.337065370000004805
0002 0176   -12.020783489999999460   169.032256609999990360   171.302165219999977808
0002 0177   -12.592624239999999247   169.121484269999996286   171.265466909999986456
0002 0178   -13.164382879999999787   169.211292310000004591   171.226956879999988814
0002 0179   -13.736055359999999936   169.301710740000004307   171.186620779999998376
0002 0180   -14.307637520000000109   169.392770100000007005   171.144443469999998797
0002 0181   -14.879125229999999647   169.484501470000026302   171.100409030000008670
0002 0182   -15.450514220000000520   169.576936479999972107   171.054500719999964531
0002 0183   -16.021800240000001025   169.670107380000018793   171.006700940000001765
0002 0184   -16.592978909999999360   169.764047049999987848   170.956991230000028281
0002 0185   -17.164045829999999171   169.858789010000009512   170.905352219999997487
0002 0186   -17.734996479999995955   169.954367499999989377   170.851763659999988931
0002 0187   -18.305826369999994796   170.050817510000001676   170.796204289999991488
0002 0188   -18.876530819999999267   170.148174759999960770   170.738651930000003176
0002 0189   -19.447105130000000628   170.246475820000028989   170.679083340000005364
0002 0190   -20.017544510000000457   170.345758079999995971   170.617474249999986569
0002 0191   -20.587844090000000818   170.446059840000003760   170.553799330000003920
0002 0192   -21.157998859999999297   170.547420319999986305   170.488032099999998081
0002 0193   -21.728003770000000827   170.649879730000037625   170.420144949999979644
0002 0194   -22.297853670000002069   170.753479319999996733   170.350109029999998711
0002 0195   -22.867543220000001725   170.858261370000008128   170.277894300000014027
0002 0196   -23.437067030000001466   170.964269340000015518   170.203469409999996742
0002 0197   -24.006419619999999071   171.071547839999993812   170.126801639999996496
0002 0198   -24.575595320000001465   171.180142730000000029   170.047856929999994691
0002 0199   -25.144588339999998539   171.290101149999998142   169.966599750000000313
0002 0200   -25.713392779999999505   171.401471609999987322   169.882993090000013581
0002 0201   -26.282002580000000336   171.514304040000013174   169.796998360000003458
0002 0202   -26.850411510000000703   171.628649850000016386   169.708575370000005478
0002 0203   -27.418613170000000423   171.744562010000009877   169.617682220000006055
0002 0204   -27.986601069999998970   171.862095140000008087   169.524275269999975535
0002 0205   -28.554368410000002143   171.981305560000009791   169.428309039999987817
0002 0206   -29.121908309999994913   172.102251370000004727   169.329736139999994293
0002 0207   -29.689213649999992128   172.224992560000004005   169.228507199999995692
0002 0208   -30.256277119999996472   172.349591110000005756   169.124570739999995794
0002 0209   -30.823091110000007120   172.476111010000010992   169.017873159999993504
0002 0210   -31.389647930000002418   172.604618490000007114   168.908358539999994719
0002 0211   -31.955939519999997600   172.735181979999993018   168.795968630000004396
0002 0212   -32.521957600000000355   172.867872329999983094   168.680642680000005384
0002 0213   -33.087693610000002309   173.002762880000005907   168.562317369999988159
0002 0214   -33.653138780000006136   173.139929590000008375   168.440926649999994424
0002 0215   -34.218283929999998350   173.279451160000007803   168.316401640000009365
0002 0216   -34.783119630000001621   173.421409210000007306   168.188670479999984764
0002 0217   -35.347636129999997934   173.565888370000010354   168.057658209999971177
0002 0218   -35.911823270000006403   173.712976459999993040   167.923286589999975149
0002 0219   -36.475670559999997522   173.862764660000010508   167.785473950000039167
0002 0220   -37.039167119999994782   174.015347679999990760   167.644135030000001052
0002 0221   -37.602301679999996509   174.170823929999983193   167.499180800000004865
0002 0222   -38.165062460000001465   174.329295699999988756   167.350518260000001192
0002 0223   -38.727437309999999115   174.490869419999995671   167.198050219999998944
0002 0224   -39.289413539999998193   174.655655789999997296   167.041675150000003214
0002 0225   -39.850977950000000760   174.823770109999998112   166.881286890000012590
0002 0226   -40.412116819999994277   174.995332429999990609   166.716774409999999307
0002 0227   -40.972815889999999683   175.170467900000005557   166.548021589999990510
0002 0228   -41.533060200000001316   175.349306930000039983   166.374906939999988253
0002 0229   -42.092834189999997818   175.531985600000012937   166.197303300000015724
0002 0230   -42.652121680000007586   175.718645909999992227   166.015077490000010130
0002 0231   -43.210905689999997037   175.909436090000014019   165.828090059999965433
0002 0232   -43.769168520000000910   176.104511029999997618   165.636194910000000391
0002 0233   -44.326891619999997829   176.304032549999988078   165.439238880000004883
0002 0234   -44.884055659999994248   176.508169900000012831   165.237061399999987543
0002 0235   -45.440640279999989559   176.717100100000010343   165.029494050000010930
0002 0236   -45.996624250000003542   176.931008460000015248   164.816360120000013012
0002 0237   -46.551985289999997519   177.150089019999995799   164.597474070000004076
0002 0238   -47.106700009999997292   177.374545090000026448   164.372641119999997272
0002 0239   -47.660743830000001253   177.604589790000005678   164.141656600000004573
0002 0240   -48.214090970000000880   177.840446609999986549   163.904305450000009614
0002 0241   -48.766714350000000877   178.082350149999996347   163.660361469999998008
0002 0242   -49.318585400000003460   178.330546609999970542   163.409586819999987028
0002 0243   -49.869674119999999107   178.585294699999991508   163.151731140000009646
0002 0244   -50.419948929999996778   178.846866280000000415   162.886530840000006037
0002 0245   -50.969376470000000268   179.115547240000012152   162.613708349999996017
0002 0246   -51.517921559999997783   179.391638339999985874   162.332971120000024712
0002 0247   -52.065547139999999615   179.675456260000004249   162.044010729999996556
0002 0248   -52.612214010000002418   179.967334479999976793   161.746501880000010942
0002 0249   -53.157880730000002245  -179.732375560000008363   161.440101300000009132
0002 0250   -53.702503489999998010  -179.423303279999998949   161.124446589999990920
0002 0251   -54.246035920000004182  -179.105057749999957650   160.799154939999993985
0002 0252   -54.788428860000003340  -178.777226350000006505   160.463821830000028967
0002 0253   -55.329630259999994735  -178.439373259999996435   160.118019559999964940
0002 0254   -55.869584840000001691  -178.091038029999992887   159.761295740000008436
0002 0255   -56.408233930000001521  -177.731733839999975544   159.393171580000000631
0002 0256   -56.945515219999997214  -177.360945719999989478   159.013140190000001439
0002 0257   -57.481362429999997232  -176.978128709999992907   158.620664610000005723
0002 0258   -58.015705059999994830  -176.582705720000006977   158.215175770000030298
0002 0259   -58.548467969999997251  -176.174065450000000510   157.796070350000007920
0002 0260   -59.079571139999998763  -175.751559969999988198   157.362708410000010417
0002 0261   -59.608929209999999443  -175.314502190000013115   156.914410809999992580
0002 0262   -60.136451020000002643  -174.862163250000008929   156.450456669999994119
0002 0263   -60.662039210000003209  -174.393769620000000486   155.970080359999997199
0002 0264   -61.185589729999989572  -173.908499950000020817   155.472468490000011343
0002 0265   -61.706991150000000346  -173.405481960000003028   154.956756700000028104
0002 0266   -62.226124239999990095  -172.883788890000005267   154.422026119999998173
0002 0267   -62.742861179999998456  -172.342435770000008688   153.867299690000038481
0002 0268   -63.257064890000002322  -171.780375679999991689   153.291538370000012037
0002 0269   -63.768588170000001014  -171.196495610000027909   152.693637039999998706
0002 0270   -64.277273009999987607  -170.589612060000007432   152.072420059999984687
0002 0271   -64.782949479999999198  -169.958466759999993201   151.426637040000002798
0002 0272   -65.285434780000002775  -169.301721969999988460   150.754958090000002358
0002 0273   -65.784532150000003980  -168.617955699999981789   150.055969060000023774
0002 0274   -66.280029680000012604  -167.905656940000028499   149.328166799999962677
0002 0275   -66.771698839999999109  -167.163220980000005511   148.569954419999959327
0002 0276   -67.259293249999998920  -166.388944490000000087   147.779636439999961794
0002 0277   -67.742547070000000531  -165.581021099999986745   146.955414300000001049
0002 0278   -68.221173260000000482  -164.737537360000004583   146.095382379999989553
0002 0279   -68.694861880000004817  -163.856469010000012076   145.197524219999991146
0002 0280   -69.163278089999991494  -162.935678309999985913   144.259709920000034344
0002 0281   -69.626060199999997735  -161.972912259999986873   143.279694269999993139
0002 0282   -70.082817380000008711  -160.965802559999957566   142.255116780000008703
0002 0283   -70.533127449999980740  -159.911867220000033285   141.183503250000001117
0002 0284   -70.976534490000005917  -158.808514840000015056   140.062270089999998390
0002 0285   -71.412546359999993228  -157.653052059999993162   138.888731710000001840
0002 0286   -71.840632229999997094  -156.442694789999990235   137.660111830000005284
0002 0287   -72.260220200000006230  -155.174584250000009433   136.373559459999995624
0002 0288   -72.670694760000017709  -153.845809260000009999   135.026171190000013667
0002 0289   -73.071394819999980541  -152.453434649999991279   133.615019640000042500
0002 0290   -73.461611640000000989  -150.994538739999995869   132.137190919999966354
0002 0291   -73.840587519999999699  -149.466259450000023890   130.589830710000001091
0002 0292   -74.207514870000011342  -147.865851780000014060   128.970201800000012327
0002 0293   -74.561536230000001524  -146.190756270000008499   127.275752500000010059
0002 0294   -74.901745360000006713  -144.438680229999988569   125.504197890000000370
0002 0295   -75.227189460000005283  -142.607692060000005085   123.653614150000009886
0002 0296   -75.536873290000002612  -140.696327099999990651   121.722544369999965852
0002 0297   -75.829764919999988138  -138.703704840000000331   119.710115849999993998
0002 0298   -76.104803799999999114  -136.629654210000012426   117.616165240000015046
0002 0299   -76.360911090000001877  -134.474842580000000680   115.441367699999986485
0002 0300   -76.597002689999996505  -132.240902199999993627   113.187363259999983711
0002 0301   -76.812004700000002799  -129.930547219999994013   110.856873800000002461
0002 0302   -77.004871259999987387  -127.547671570000005659   108.453801049999995598
0002 0303   -77.174604639999998312  -125.097416299999991907   105.983293799999998441
0002 0304   -77.320276579999998035  -122.586198389999964320   103.451776809999998363
0002 0305   -77.441050439999983723  -120.021689729999991414   100.866929709999993747
0002 0306   -77.536202979999998774  -117.412739450000003671    98.237609419999998295
0002 0307   -77.605144559999999387  -114.769238050000012663    95.573714190000004010
0002 0308   -77.647436619999993468  -112.101923819999967691    92.885990079999999125
