pass tile     nadir-lat-start(deg)     nadir-lon-start(deg)     nadir-hdg-start(deg) //Cal_orbit
0001 0001   -77.663122130000004972   -61.111472489999982827    90.000000000000000000
0001 0002   -77.647291330000015819   -58.210284989999991012    87.077333379999998897
0001 0003   -77.604637040000000070   -55.543165530000010222    84.390381360000006339
0001 0004   -77.535343240000003107   -52.900005890000045383    81.727405259999997611
0001 0005   -77.439850539999994794   -50.291531459999987419    79.099138179999997078
0001 0006   -77.318750320000006582   -47.727617350000002716    76.515462979999995241
0001 0007   -77.172767300000003843   -45.217095480000011776    73.985219299999997133
0001 0008   -77.002739230000003090   -42.767619239999987713    71.516068259999997281
0001 0009   -76.809595180000002301   -40.385587240000006659    69.114416210000015894
0001 0010   -76.594333379999994804   -38.076122419999990143    66.785393810000002190
0001 0011   -76.357999859999992509   -35.843101659999945241    64.532885669999998868
0001 0012   -76.101668489999980238   -33.689223799999979292    62.359598370000000500
0001 0013   -75.826423070000004145   -31.616107479999982388    60.267158270000003029
0001 0014   -75.533341980000002991   -29.624408319999986361    58.256228750000012440
0001 0015   -75.223485159999995631   -27.713945280000018556    56.326636480000004781
0001 0016   -74.897883830000012040   -25.883830129999978453    54.477500970000001246
0001 0017   -74.557532489999999825   -24.132592069999986961    52.707359169999996595
0001 0018   -74.203383049999999344   -22.458294650000027559    51.014282360000002825
0001 0019   -73.836340919999997823   -20.858642040000006546    49.395982439999997382
0001 0020   -73.457262719999988576   -19.331072750000032556    47.849905679999999109
0001 0021   -73.066955179999993675   -17.872840540000026976    46.373313580000001366
0001 0022   -72.666175219999999513   -16.481083150000017667    44.963351619999997411
0001 0023   -72.255630749999994578   -15.152879170000062459    43.617106139999997083
0001 0024   -71.835982169999994085   -13.885294359999988956    42.331650650000000269
0001 0025   -71.407844209999993268   -12.675418610000008357    41.104082779999998820
0001 0026   -70.971788169999996398   -11.520394739999971989    39.931553139999998336
0001 0027   -70.528344250000003512   -10.417440399999975398    38.811287100000001260
0001 0028   -70.078003989999999135    -9.363863970000011250    37.740600819999997384
0001 0029   -69.621222779999996533    -8.357075969999982590    36.716912589999999739
0001 0030   -69.158422340000001327    -7.394596389999946950    35.737750149999996552
0001 0031   -68.689992989999993256    -6.474058750000040163    34.800754799999999989
0001 0032   -68.216296070000012719    -5.593212020000009943    33.903683289999996475
0001 0033   -67.737665989999996441    -4.749920270000018263    33.044407470000003002
0001 0034   -67.254412329999993858    -3.942160989999990761    32.220912620000000004
0001 0035   -66.766821809999996162    -3.168022430000007716    31.431294760000007216
0001 0036   -66.275160009999993349    -2.425699870000016745    30.673756990000001110
0001 0037   -65.779672999999988292    -1.713491480000016054    29.946605259999994786
0001 0038   -65.280589030000001571    -1.029793980000022202    29.248244110000001683
0001 0039   -64.778119819999986362    -0.373097749999999451    28.577171719999995503
0001 0040   -64.272461920000012014     0.258017900000000078    27.931975220000001769
0001 0041   -63.763797940000003450     0.864889499999999978    27.311325919999998035
0001 0042   -63.252297579999996913     1.448774259999999980    26.713974440000001209
0001 0043   -62.738118759999991880     2.010854539999999968    26.138746260000001342
0001 0044   -62.221408470000000079     2.552242409999999850    25.584537160000000000
0001 0045   -61.702303679999999986     3.073983899999999991    25.050308969999999675
0001 0046   -61.180932050000009781     3.577063050000000022    24.535085509999998266
0001 0047   -60.657412739999998053     4.062405870000000085    24.037948669999998685
0001 0048   -60.131857040000006975     4.530883879999999309    23.558034790000000669
0001 0049   -59.604368930000006799     4.983317709999999678    23.094531170000003328
0001 0050   -59.075045649999999853     5.420480269999999656    22.646672790000000219
0001 0051   -58.543978260000010039     5.843099829999999884    22.213739310000001126
0001 0052   -58.011252059999996789     6.251862889999999950    21.795052179999995445
0001 0053   -57.476947020000004329     6.647416849999999933    21.389971930000005074
0001 0054   -56.941138189999996655     7.030372530000000175    20.997895710000001657
0001 0055   -56.403896000000003141     7.401306570000000917    20.618254870000001233
0001 0056   -55.865286679999996977     7.760763500000000370    20.250512870000001442
0001 0057   -55.325372479999998632     8.109257879999999474    19.894163150000000684
0001 0058   -54.784212029999999061     8.447276170000002082    19.548727289999998646
0001 0059   -54.241860580000000880     8.775278480000002546    19.213753239999999067
0001 0060   -53.698370099999998217     9.093700289999999242    18.888813559999999114
0001 0061   -53.153789719999998908     9.402953919999999854    18.573504020000001447
0001 0062   -52.608165800000001866     9.703430029999999817    18.267442100000000238
0001 0063   -52.061542090000003213     9.995498919999999288    17.970265580000003069
0001 0064   -51.513959980000009864    10.279511790000000815    17.681631440000000310
0001 0065   -50.965458669999996744    10.555801889999999688    17.401214589999998594
0001 0066   -50.416075179999999989    10.824685669999999149    17.128706799999999788
0001 0067   -49.865844699999996692    11.086463679999999599    16.863815720000001619
0001 0068   -49.314800489999996103    11.341421640000000082    16.606263909999999129
0001 0069   -48.762974139999997192    11.589831229999999707    16.355787939999999026
0001 0070   -48.210395689999998581    11.831950960000002127    16.112137640000000260
0001 0071   -47.657093590000009442    12.068026919999997659    15.875075229999996651
0001 0072   -47.103094979999994507    12.298293499999999767    15.644374719999998291
0001 0073   -46.548425590000000795    12.522974089999999947    15.419821100000001834
0001 0074   -45.993109959999998182    12.742281679999999611    15.201209840000002416
0001 0075   -45.437171489999997220    12.956419430000000403    14.988346229999995884
0001 0076   -44.880632439999999406    13.165581290000000436    14.781044870000000557
0001 0077   -44.323514060000000825    13.369952439999998717    14.579129110000002001
0001 0078   -43.765836640000003399    13.569709810000000871    14.382430619999999166
0001 0079   -43.207619530000002328    13.765022529999999534    14.190788890000000322
0001 0080   -42.648881279999997673    13.956052359999999268    14.004050859999999545
0001 0081   -42.089639560000001950    14.142954059999999217    13.822070469999999887
0001 0082   -41.529911309999995694    14.325875819999998484    13.644708330000000274
0001 0083   -40.969712780000001828    14.504959530000000711    13.471831339999999599
0001 0084   -40.409059469999995429    14.680341190000000040    13.303312390000000320
0001 0085   -39.847966309999989676    14.852151179999998121    13.139030019999999865
0001 0086   -39.286447610000003294    15.020514550000001464    12.978868159999999321
0001 0087   -38.724517030000001228    15.185551309999997471    12.822715829999999926
0001 0088   -38.162187819999999761    15.347376660000000115    12.670466929999999905
0001 0089   -37.599472609999999406    15.506101279999999321    12.522019919999999971
0001 0090   -37.036383569999998144    15.661831540000001439    12.377277669999999787
0001 0091   -36.472932479999997213    15.814669670000002455    12.236147219999999436
0001 0092   -35.909130570000002081    15.964714049999999546    12.098539549999999920
0001 0093   -35.344988769999993394    16.112059320000000184    11.964369440000002243
0001 0094   -34.780517549999991900    16.256796619999999365    11.833555249999998082
0001 0095   -34.215727029999996489    16.399013740000000894    11.706018750000000139
0001 0096   -33.650626989999999239    16.538795270000001381    11.581685009999999281
0001 0097   -33.085226859999998794    16.676222769999998974    11.460482180000001406
0001 0098   -32.519535759999996571    16.811374929999999495    11.342341400000002238
0001 0099   -31.953562549999997344    16.944327659999999014    11.227196649999999778
0001 0100   -31.387315720000000141    17.075154279999999574    11.114984620000001314
0001 0101   -30.820803579999996202    17.203925600000005147    11.005644560000000354
0001 0102   -30.254034159999996234    17.330710029999998767    10.899118249999999009
0001 0103   -29.687015189999993225    17.455573739999998395    10.795349780000000450
0001 0104   -29.119754230000001627    17.578580740000003146    10.694285550000000029
0001 0105   -28.552258630000000750    17.699792949999999081    10.595874099999999629
0001 0106   -27.984535460000000029    17.819270339999999209    10.500066059999998203
0001 0107   -27.416591700000001453    17.937070989999998716    10.406814060000000310
0001 0108   -26.848434019999995570    18.053251209999999105    10.316072619999999915
0001 0109   -26.280068979999995804    18.167865580000000847    10.227798110000001941
0001 0110   -25.711502999999996888    18.280967050000000995    10.141948630000001685
0001 0111   -25.142742250000001292    18.392607019999999807    10.058483999999999980
0001 0112   -24.573792839999999416    18.502835399999998600     9.977365640000002145
0001 0113   -24.004660650000001709    18.611700660000000340     9.898556539999999515
0001 0114   -23.435351470000004070    18.719249959999999078     9.822021169999997525
0001 0115   -22.865870950000001471    18.825529110000001509     9.747725470000000669
0001 0116   -22.296224599999998617    18.930582730000001135     9.675636730000000796
0001 0117   -21.726417839999999870    19.034454239999998748     9.605723610000001855
0001 0118   -21.156455950000001565    19.137185910000003020     9.537956050000000019
0001 0119   -20.586344079999996382    19.238818999999999448     9.472305229999999909
0001 0120   -20.016087360000000217    19.339393659999995378     9.408743519999999805
0001 0121   -19.445690729999999036    19.438949139999998295     9.347244449999999816
0001 0122   -18.875159050000000605    19.537523700000001270     9.287782690000000230
0001 0123   -18.304497170000001205    19.635154730000000001     9.230333959999999394
0001 0124   -17.733709770000000816    19.731878779999998841     9.174875050000000698
0001 0125   -17.162801500000000487    19.827731579999998246     9.121383740000000628
0001 0126   -16.591776910000000100    19.922748070000000808     9.069838810000000251
0001 0127   -16.020640459999999194    20.016962509999999043     9.020219980000000248
0001 0128   -15.449396610000000862    20.110408389999999912     8.972507889999999264
0001 0129   -14.878049680000000166    20.203118599999999816     8.926684090000000182
0001 0130   -14.306603969999999393    20.295125360000000114     8.882730969999999004
0001 0131   -13.735063739999999299    20.386460310000000362     8.840631789999999768
0001 0132   -13.163433120000000542    20.477154500000001036     8.800370620000000699
0001 0133   -12.591716269999997380    20.567238470000003048     8.761932330000000491
0001 0134   -12.019917270000000542    20.656742220000001709     8.725302590000000080
0001 0135   -11.448040119999999931    20.745695309999998557     8.690467789999999582
0001 0136   -10.876088850000000363    20.834126789999999119     8.657415110000000524
0001 0137   -10.304067379999999332    20.922065320000001520     8.626132419999999357
0001 0138    -9.731979640000000487    21.009539159999999214     8.596608310000000586
0001 0139    -9.159829510000001562    21.096576160000001465     8.568832069999999135
0001 0140    -8.587620819999999711    21.183203849999998170     8.542793680000000833
0001 0141    -8.015357370000002035    21.269449410000000000     8.518483749999999688
0001 0142    -7.443042959999998764    21.355339730000000742     8.495893600000002266
0001 0143    -6.870681349999999910    21.440901390000000504     8.475015150000000830
0001 0144    -6.298276259999999738    21.526160740000001681     8.455840979999999618
0001 0145    -5.725831409999999622    21.611143869999999367     8.438364280000000051
0001 0146    -5.153350480000001177    21.695876649999998875     8.422578859999999779
0001 0147    -4.580837149999999802    21.780384760000000455     8.408479149999999791
0001 0148    -4.008295069999999960    21.864693710000000948     8.396060180000000983
0001 0149    -3.435727879999999956    21.948828819999999240     8.385317549999999898
0001 0150    -2.863139219999999874    22.032815320000000980     8.376247479999999968
0001 0151    -2.290532670000000603    22.116678300000000235     8.368846760000000273
0001 0152    -1.717911900000000047    22.200442729999998903     8.363112770000002527
0001 0153    -1.145280459999999945    22.284133549999999957     8.359043460000000536
0001 0154    -0.572641960000000005    22.367775610000002473     8.356637360000000569
0001 0155    -0.000000010000000000    22.451393729999999493     8.355893580000000043
0001 0156     0.572641839999999958    22.535012710000000169     8.356811779999999246
0001 0157     1.145279949999999936    22.618657339999998612     8.359392229999999202
0001 0158     1.717910730000000052    22.702352449999999351     8.363635730000000379
0001 0159     2.290530640000000062    22.786122899999998737     8.369543690000000424
0001 0160     2.863136019999999782    22.869993599999997258     8.377118080000000688
0001 0161     3.435723280000000379    22.953989530000001196     8.386361439999999945
0001 0162     4.008288819999999752    23.038135799999999165     8.397276910000000427
0001 0163     4.580828989999999656    23.122457610000001438     8.409868189999999188
0001 0164     5.153340169999999887    23.206980290000000622     8.424139609999999223
0001 0165     5.725818679999999716    23.291729350000000665     8.440096060000000122
0001 0166     6.298260839999999305    23.376730459999997436     8.457743029999999607
0001 0167     6.870663010000000348    23.462009500000000628     8.477086660000001217
0001 0168     7.443021429999999938    23.547592549999997402     8.498133660000000589
0001 0169     8.015332389999997531    23.633505939999999157     8.520891400000000004
0001 0170     8.587592139999998153    23.719776280000004931     8.545367860000000704
0001 0171     9.159796849999999324    23.806430420000001646     8.571571670000000864
0001 0172     9.731942780000000681    23.893495560000001632     8.599512130000000809
0001 0173    10.304026040000000108    23.980999220000001060     8.629199200000000403
0001 0174    10.876042749999999870    24.068969239999997711     8.660643520000000706
0001 0175    11.447989030000000454    24.157433890000000076     8.693856419999999474
0001 0176    12.019860910000002008    24.246421789999999419     8.728849959999999797
0001 0177    12.591654399999999470    24.335962030000001022     8.765636900000000509
0001 0178    13.163365460000001406    24.426084129999996009     8.804230770000000206
0001 0179    13.734990010000000638    24.516818109999999109     8.844645829999999265
0001 0180    14.306523959999999818    24.608194470000000820     8.886897160000000184
0001 0181    14.877963089999999724    24.700244290000000547     8.931000600000000844
0001 0182    15.449303170000000307    24.792999169999998088     8.976972840000000176
0001 0183    16.020539930000001760    24.886491360000000839     9.024831400000000059
0001 0184    16.591668970000000627    24.980753690000000233     9.074594680000000579
0001 0185    17.162685939999999363    25.075819700000000267     9.126281979999999905
0001 0186    17.733586299999995362    25.171723589999999149     9.179913510000000443
0001 0187    18.304365519999997503    25.268500320000001125     9.235510420000000664
0001 0188    18.875018959999998458    25.366185619999999545     9.293094879999999947
0001 0189    19.445541909999995767    25.464815999999999008     9.352690029999999766
0001 0190    20.015929549999999182    25.564428859999999588     9.414320070000000484
0001 0191    20.586177039999999039    25.665062450000000638     9.478010310000000160
0001 0192    21.156279349999998374    25.766755990000000054     9.543787130000000118
0001 0193    21.726231429999998568    25.869549650000003282     9.611678100000002445
0001 0194    22.296028150000001489    25.973484660000000446     9.681711989999998380
0001 0195    22.865664130000002530    26.078603269999998560     9.753918799999999223
0001 0196    23.435134029999996841    26.184948909999999245     9.828329830000001266
0001 0197    24.004432300000001277    26.292566170000000625     9.904977710000000712
0001 0198    24.573553310000001204    26.401500859999998738     9.983896460000000417
0001 0199    25.142491280000001552    26.511800099999998537    10.065121550000000639
0001 0200    25.711240289999999220    26.623512380000001087    10.148689930000001524
0001 0201    26.279794290000001666    26.736687580000001674    10.234640130000000724
0001 0202    26.848147040000000629    26.851377079999998898    10.323012300000000252
0001 0203    27.416292160000001132    26.967633820000003197    10.413848259999999968
0001 0204    27.984223099999997686    27.085512370000000004    10.507191600000000520
0001 0205    28.551933149999999983    27.205069009999998997    10.603087750000000256
0001 0206    29.119415369999998688    27.326361810000005192    10.701584040000001963
0001 0207    29.686662659999999647    27.449450709999997144    10.802729799999999827
0001 0208    30.253667679999999507    27.574397640000000820    10.906576409999999555
0001 0209    30.820422909999997785    27.701266579999998640    11.013177470000002245
0001 0210    31.386920560000000080    27.830123650000000879    11.122588789999998227
0001 0211    31.953152599999999239    27.961037279999999328    11.234868600000000427
0001 0212    32.519110779999998329    28.094078240000001756    11.350077580000000665
0001 0213    33.084786559999997735    28.229319830000001446    11.468279000000000778
0001 0214    33.650171090000007723    28.366837939999999918    11.589538830000000402
0001 0215    34.215255280000000937    28.506711230000004065    11.713925919999997660
0001 0216    34.780029659999996738    28.649021230000002447    11.841512039999997796
0001 0217    35.344484469999997600    28.793852519999994399    11.972372110000002010
0001 0218    35.908609619999992901    28.941292870000001614    12.106584310000000571
0001 0219    36.472394549999997082    29.091433359999992803    12.244230220000000386
0001 0220    37.035828469999998447    29.244368640000001136    12.385395069999997730
0001 0221    37.598900020000002087    29.400197029999993958    12.530167799999999190
0001 0222    38.161597499999999172    29.559020750000001954    12.678641349999999477
0001 0223    38.723908749999999657    29.720946130000005070    12.830912830000000824
0001 0224    39.285821060000010618    29.886083809999998806    12.987083709999998504
0001 0225    39.847321270000001903    30.054548960000001756    13.147260069999999743
0001 0226    40.408395679999998151    30.226461560000000617    13.311552869999999871
0001 0227    40.969029980000001956    30.401946609999999538    13.480078119999999942
0001 0228    41.529209270000002618    30.581134459999994135    13.652957250000001821
0001 0229    42.088918030000002091    30.764161059999999281    13.830317340000000570
0001 0230    42.648140030000000422    30.951168279999997424    14.012291449999999315
0001 0231    43.206858339999989482    31.142304239999997861    14.199018940000000200
0001 0232    43.765055240000002357    31.337723650000000930    14.390645819999997812
0001 0233    44.322712250000002143    31.537588240000005158    14.587325129999999973
0001 0234    44.879810020000007853    31.742067090000002594    14.789217329999999606
0001 0235    45.436328220000000044    31.951337050000002904    14.996490720000000607
0001 0236    45.992245670000002633    32.165583279999999888    15.209321900000000838
0001 0237    46.547540040000001227    32.384999629999995818    15.427896219999999161
0001 0238    47.102187990000004447    32.609789220000003240    15.652408369999999849
0001 0239    47.656165020000003096    32.840164990000005218    15.883062839999999127
0001 0240    48.209445299999998724    33.076350210000001084    16.120074549999998226
0001 0241    48.762001810000001001    33.318579239999998265    16.363669500000000312
0001 0242    49.313806030000002067    33.567098080000000948    16.614085370000001518
0001 0243    49.864827960000006613    33.822165149999996459    16.871572310000004791
0001 0244    50.415036039999996831    34.084052069999998480    17.136393670000000355
0001 0245    50.964396979999996518    34.353044420000003356    17.408826839999999692
0001 0246    51.512875649999998018    34.629442709999999295    17.689164110000003660
0001 0247    52.060434989999997413    34.913563240000001997    17.977713630000000222
0001 0248    52.607035879999997974    35.205739190000002736    18.274800429999999096
0001 0249    53.152636890000003689    35.506321610000000533    18.580767459999997016
0001 0250    53.697194289999998773    35.815680700000001480    18.895976829999998614
0001 0251    54.240661740000007285    36.134206980000001863    19.220810979999999546
0001 0252    54.782990179999998759    36.462312640000000385    19.555674079999999293
0001 0253    55.324127570000001697    36.800432989999997346    19.900993400000000833
0001 0254    55.864018729999990853    37.149028000000001271    20.257220920000001740
0001 0255    56.402605100000002381    37.508583989999998209    20.624834960000001161
0001 0256    56.939824360000002912    37.879615280000002997    21.004341889999999182
0001 0257    57.475610349999996629    38.262666260000003149    21.396278160000004931
0001 0258    58.009892680000000098    38.658313339999999414    21.801212240000001685
0001 0259    58.542596310000007520    39.067167120000000580    22.219746820000001009
0001 0260    59.073641289999997639    39.489874780000000953    22.652521180000000811
0001 0261    59.602942410000004259    39.927122570000001645    23.100213709999998457
0001 0262    60.130408610000010583    40.379638489999990725    23.563544520000000659
0001 0263    60.655942680000016765    40.848195169999996779    24.043278390000001110
0001 0264    61.179440689999999847    41.333612899999998547    24.540227789999999430
0001 0265    61.700791389999999126    41.836762899999996534    25.055256079999999486
0001 0266    62.219875739999984887    42.358570839999998725    25.589281129999999820
0001 0267    62.736566029999991656    42.900020339999997532    26.143278760000001171
0001 0268    63.250725420000009080    43.462157070000003500    26.718286819999999437
0001 0269    63.762206970000001149    44.046092620000003137    27.315409159999997968
0001 0270    64.270852820000001770    44.653008919999997772    27.935819890000001209
0001 0271    64.776493369999997185    45.284162680000001444    28.580767980000000961
0001 0272    65.278946059999995555    45.940889880000000289    29.251581640000004825
0001 0273    65.778014490000003889    46.624610680000003526    29.949673289999999781
0001 0274    66.273486969999993335    47.336834029999998563    30.676544140000000738
0001 0275    66.765135419999992905    48.079162619999998185    31.433789129999997414
0001 0276    67.252713849999992135    48.853297589999996831    32.223101700000000847
0001 0277    67.735956810000004680    49.661042899999998212    33.046278060000005894
0001 0278    68.214577760000011608    50.504309609999999964    33.905221570000001918
0001 0279    68.688267240000001834    51.385119369999998185    34.801946180000001618
0001 0280    69.156690990000001307    52.305607260000009262    35.738579250000000798
0001 0281    69.619487919999997416    53.268023550000002331    36.717363370000001055
0001 0282    70.076267839999999865    54.274733719999993298    37.740656309999998541
0001 0283    70.526609280000002400    55.328216910000001860    38.810929539999996507
0001 0284    70.970057100000005335    56.431061800000001938    39.930764050000000509
0001 0285    71.406119970000005992    57.585958980000000906    41.102842729999998994
0001 0286    71.834267980000007014    58.795690030000002935    42.329939520000003483
0001 0287    72.253930159999995908    60.063111390000003098    43.614903179999998883
0001 0288    72.664492019999997297    61.391132370000008223    44.960635320000001514
0001 0289    73.065293559999986428    62.782686810000001287    46.370062160000003360
0001 0290    73.455627190000001292    64.240695689999995466    47.846096979999998666
0001 0291    73.834736340000020505    65.768021149999995600    49.391594279999999628
0001 0292    74.201814699999999903    67.367409710000003997    51.009292919999992932
0001 0293    74.556006039999999757    69.041423480000020163    52.701747359999998821
0001 0294    74.896405340000001161    70.792359399999995162    54.471246870000008755
0001 0295    75.222061049999993543    72.622155499999990980    56.319721860000001357
0001 0296    75.531979079999999271    74.532284829999994713    58.248637700000010398
0001 0297    75.825128559999996014    76.523638889999986645    60.258878259999995919
0001 0298    76.100449839999996016    78.596402319999995711    62.350620530000000485
0001 0299    76.356864840000000072    80.749924260000014442    64.523206009999995558
0001 0300    76.593289900000002035    82.982591510000005997    66.775013849999979243
0001 0301    76.808651269999998590    85.291711599999999294    69.103343949999995743
0001 0302    77.001902909999998315    87.673414739999984135    71.504318870000005859
0001 0303    77.172046460000004231    90.122585380000018063    73.972815420000003428
0001 0304    77.318152590000011060    92.632832759999985228    76.502435210000001575
0001 0305    77.439383140000003891    95.196511520000001383    79.085525239999995506
0001 0306    77.535012870000002749    97.804797320000005811    81.713253530000002911
0001 0307    77.604449689999995599   100.447821840000003135    84.375744119999993131
0001 0308    77.647252199999996947   103.114865629999997054    87.062269929999985152
0002 0001    77.663248699999996916   106.031384650000006786    90.000000000000000000
0002 0002    77.647252199999996947   108.947903670000002307    92.937730070000000637
0002 0003    77.604449689999995599   111.614947459999982016    95.624255880000006869
0002 0004    77.535012870000002749   114.257971979999979339    98.286746469999997089
0002 0005    77.439383140000003891   116.866257770000004257   100.914474760000004494
0002 0006    77.318152590000011060   119.429936539999999923   103.497564789999998425
0002 0007    77.172046460000004231   121.940183919999967088   106.027184580000010783
0002 0008    77.001902909999998315   124.389354560000001015   108.495681129999994141
0002 0009    76.808651269999998590   126.771057690000034768   110.896656050000004257
0002 0010    76.593289900000002035   129.080177789999993365   113.224986150000006546
0002 0011    76.356864840000000072   131.312845039999984920   115.476793990000004442
0002 0012    76.100449839999996016   133.466366969999995717   117.649379469999999515
0002 0013    75.825128559999996014   135.539130400000004784   119.741121740000011187
0002 0014    75.531979079999999271   137.530484470000004649   121.751362299999996708
0002 0015    75.222061049999993543   139.440613799999994171   123.680278139999998643
0002 0016    74.896405340000001161   141.270409900000004200   125.528753129999998350
0002 0017    74.556006039999999757   143.021345819999993410   127.298252640000001179
0002 0018    74.201814699999999903   144.695359589999981154   128.990707079999992857
0002 0019    73.834736340000020505   146.294748150000003761   130.608405720000007477
0002 0020    73.455627190000001292   147.822073610000018107   132.153903020000001334
0002 0021    73.065293559999986428   149.280082490000012285   133.629937839999996640
0002 0022    72.664492019999997297   150.671636930000033772   135.039364680000005592
0002 0023    72.253930159999995908   151.999657899999988331   136.385096819999972695
0002 0024    71.834267980000007014   153.267079270000010638   137.670060479999989411
0002 0025    71.406119970000005992   154.476810319999998455   138.897157270000008111
0002 0026    70.970057100000005335   155.631707489999996596   140.069235950000035018
0002 0027    70.526609280000002400   156.734552390000004607   141.189070460000039020
0002 0028    70.076267839999999865   157.788035579999984748   142.259343689999980143
0002 0029    69.619487919999997416   158.794745749999975715   143.282636630000041578
0002 0030    69.156690990000001307   159.757162040000025627   144.261420750000013413
0002 0031    68.688267240000001834   160.677649930000001177   145.198053820000012593
0002 0032    68.214577760000011608   161.558459690000006503   146.094778429999990976
0002 0033    67.735956810000004680   162.401726400000001149   146.953721940000008317
0002 0034    67.252713849999992135   163.209471699999994598   147.776898299999999153
0002 0035    66.765135419999992905   163.983606680000008282   148.566210860000040839
0002 0036    66.273486969999993335   164.725935270000007904   149.323455859999995710
0002 0037    65.778014490000003889   165.438158619999995835   150.050326710000007324
0002 0038    65.278946059999995555   166.121879419999970651   150.748418359999988070
0002 0039    64.776493369999997185   166.778606609999997090   151.419232020000038119
0002 0040    64.270852820000001770   167.409760379999994484   152.064180109999995238
0002 0041    63.762206970000001149   168.016676670000009608   152.684590839999970058
0002 0042    63.250725420000009080   168.600612229999995861   153.281713170000017499
0002 0043    62.736566029999991656   169.162748949999979686   153.856721240000013040
0002 0044    62.219875739999984887   169.704198459999986426   154.410718870000010838
0002 0045    61.700791389999999126   170.226006399999988616   154.944743920000007620
0002 0046    61.179440689999999847   170.729156399999993710   155.459772210000011228
0002 0047    60.655942680000016765   171.214574129999988372   155.956721609999988232
0002 0048    60.130408610000010583   171.683130799999986493   156.436455479999978024
0002 0049    59.602942410000004259   172.135646720000011101   156.899786290000008648
0002 0050    59.073641289999997639   172.572894520000005514   157.347478819999992083
0002 0051    58.542596310000007520   172.995602170000012165   157.780253179999988333
0002 0052    58.009892680000000098   173.404455959999978631   158.198787760000016078
0002 0053    57.475610349999996629   173.800103040000038845   158.603721839999991516
0002 0054    56.939824360000002912   174.183154010000009748   158.995658109999965291
0002 0055    56.402605100000002381   174.554185310000008258   159.375165039999984629
0002 0056    55.864018729999990853   174.913741289999990158   159.742779079999991154
0002 0057    55.324127570000001697   175.262336309999994910   160.099006599999995615
0002 0058    54.782990179999998759   175.600456659999991871   160.444325919999982943
0002 0059    54.240661740000007285   175.928562319999997499   160.779189019999989796
0002 0060    53.697194289999998773   176.247088590000004160   161.104023170000033360
0002 0061    53.152636890000003689   176.556447690000027251   161.419232539999995879
0002 0062    52.607035860000003424   176.857030119999990347   161.725199580000008837
0002 0063    52.060434989999997413   177.149206050000003643   162.022286369999989120
0002 0064    51.512875649999998018   177.433326590000007172   162.310835889999992787
0002 0065    50.964396979999996518   177.709724880000010216   162.591173160000010967
0002 0066    50.415036039999996831   177.978717230000000882   162.863606330000010303
0002 0067    49.864827960000006613   178.240604149999995798   163.128427689999995209
0002 0068    49.313806030000002067   178.495671219999991308   163.385914630000002035
0002 0069    48.762001810000001001   178.744190059999993991   163.636330500000013899
0002 0070    48.209445299999998724   178.986419089999998278   163.879925450000001774
0002 0071    47.656165020000003096   179.222604310000008354   164.116937159999991991
0002 0072    47.102187990000004447   179.452980080000003227   164.347591630000010809
0002 0073    46.547540040000001227   179.677769670000003543   164.572103779999991957
0002 0074    45.992245670000002633   179.897186020000020790   164.790678100000008044
0002 0075    45.436328220000000044  -179.888567749999964462   165.003509280000002946
0002 0076    44.879810020000007853  -179.679297789999992574   165.210782669999986183
0002 0077    44.322712250000002143  -179.474818940000005796   165.412674869999989369
0002 0078    43.765055240000002357  -179.274954360000009501   165.609354179999996859
0002 0079    43.206858339999989482  -179.079534940000002052   165.800981059999969602
0002 0080    42.648140030000000422  -178.888398980000005167   165.987708550000007790
0002 0081    42.088918030000002091  -178.701391770000014958   166.169682660000006535
0002 0082    41.529209270000002618  -178.518365170000009812   166.347042750000014166
0002 0083    40.969029980000001956  -178.339177309999996623   166.519921879999998282
0002 0084    40.408395679999998151  -178.163692260000033230   166.688447129999985918
0002 0085    39.847321270000001903  -177.991779659999991736   166.852739930000012691
0002 0086    39.285821060000010618  -177.823314509999988786   167.012916289999992614
0002 0087    38.723908749999999657  -177.658176840000010088   167.169087170000040032
0002 0088    38.161597499999999172  -177.496251449999988381   167.321358649999979207
0002 0089    37.598900020000002087  -177.337427730000001702   167.469832200000013245
0002 0090    37.035828469999998447  -177.181599340000019538   167.614604930000012928
0002 0091    36.472394549999997082  -177.028664060000011204   167.755769779999980074
0002 0092    35.908609619999992901  -176.878523569999998699   167.893415690000011864
0002 0093    35.344484469999997600  -176.731083219999987932   168.027627889999990884
0002 0094    34.780029659999996738  -176.586251930000003085   168.158487960000002204
0002 0095    34.215255280000000937  -176.443941929999994045   168.286074079999991682
0002 0096    33.650171090000007723  -176.304068639999997004   168.410461169999962294
0002 0097    33.084786559999997735  -176.166550529999994978   168.531721000000004551
0002 0098    32.519110779999998329  -176.031308940000002394   168.649922420000024204
0002 0099    31.953152599999999239  -175.898267980000014177   168.765131400000001349
0002 0100    31.386920560000000080  -175.767354360000013003   168.877411199999983182
0002 0101    30.820422909999997785  -175.638497279999995726   168.986822530000011966
0002 0102    30.253667679999999507  -175.511628349999966758   169.093423589999957812
0002 0103    29.686662659999999647  -175.386681419999973741   169.197270200000019713
0002 0104    29.119415369999998688  -175.263592510000023594   169.298415959999999814
0002 0105    28.551933149999999983  -175.142299710000003188   169.396912250000013955
0002 0106    27.984223099999997686  -175.022743069999989984   169.492808400000001257
0002 0107    27.416292160000001132  -174.904864519999989625   169.586151739999991150
0002 0108    26.848147040000000629  -174.788607780000006642   169.676987700000012182
0002 0109    26.279794290000001666  -174.673918280000009418   169.765359869999997500
0002 0110    25.711240300000000047  -174.560743080000008831   169.851310070000010910
0002 0111    25.142491280000001552  -174.449030809999982239   169.934878450000013572
0002 0112    24.573553310000001204  -174.338731560000013587   170.016103539999988925
0002 0113    24.004432300000001277  -174.229796870000001263   170.095022290000031262
0002 0114    23.435134029999996841  -174.122179619999997158   170.171670169999998734
0002 0115    22.865664130000002530  -174.015833969999960118   170.246081200000020317
0002 0116    22.296028150000001489  -173.910715360000011742   170.318288010000003396
0002 0117    21.726231429999998568  -173.806780360000004748   170.388321899999994002
0002 0118    21.156279349999998374  -173.703986689999993587   170.456212870000001658
0002 0119    20.586177039999999039  -173.602293159999987893   170.521989689999969642
0002 0120    20.015929549999999182  -173.501659560000007332   170.585679930000026161
0002 0121    19.445541909999995767  -173.402046700000028068   170.647309970000009116
0002 0122    18.875018969999999285  -173.303416320000025053   170.706905120000016041
0002 0123    18.304365519999997503  -173.205731020000001763   170.764489580000002888
0002 0124    17.733586299999995362  -173.108954290000042420   170.820086489999994228
0002 0125    17.162685939999999363  -173.013050399999997353   170.873718020000012530
0002 0126    16.591668970000000627  -172.917984389999986661   170.925405320000038500
0002 0127    16.020539930000001760  -172.823722059999994372   170.975168599999989283
0002 0128    15.449303170000000307  -172.730229869999988068   171.023027159999998048
0002 0129    14.877963089999999724  -172.637474989999986974   171.068999400000024025
0002 0130    14.306523959999999818  -172.545425179999995180   171.113102840000038896
0002 0131    13.734990019999999689  -172.454048809999989089   171.155354170000009617
0002 0132    13.163365460000001406  -172.363314839999986816   171.195769229999996242
0002 0133    12.591654399999999470  -172.273192730000005213   171.234363099999995939
0002 0134    12.019860910000002008  -172.183652489999957425   171.271150040000009085
0002 0135    11.447989030000000454  -172.094664590000007820   171.306143579999996973
0002 0136    10.876042749999999870  -172.006199940000016113   171.339356479999963767
0002 0137    10.304026040000000108  -171.918229919999959066   171.370800800000012032
0002 0138     9.731942780000000681  -171.830726270000013756   171.400487870000006296
0002 0139     9.159796849999999324  -171.743661120000012943   171.428428330000002688
0002 0140     8.587592139999998153  -171.657006980000005569   171.454632140000001073
0002 0141     8.015332389999997531  -171.570736640000006901   171.479108600000017759
0002 0142     7.443021429999999938  -171.484823250000005146   171.501866339999992306
0002 0143     6.870663010000000348  -171.399240200000008372   171.522913339999973914
0002 0144     6.298260839999999305  -171.313961159999962547   171.542256970000011052
0002 0145     5.725818679999999716  -171.228960059999991472   171.559903939999998101
0002 0146     5.153340169999999887  -171.144211000000012746   171.575860390000030975
0002 0147     4.580828989999999656  -171.059688310000012734   171.590131810000002588
0002 0148     4.008288819999999752  -170.975366510000014841   171.602723090000012007
0002 0149     3.435723280000000379  -170.891220239999995556   171.613638560000026700
0002 0150     2.863136019999999782  -170.807224300000029871   171.622881919999997535
0002 0151     2.290530640000000062  -170.723353599999995822   171.630456309999999576
0002 0152     1.717910730000000052  -170.639583149999992884   171.636364270000029819
0002 0153     1.145279949999999936  -170.555888039999985040   171.640607770000002574
0002 0154     0.572641839999999958  -170.472243410000004360   171.643188220000013189
0002 0155    -0.000000010000000000  -170.388624429999993026   171.644106419999985746
0002 0156    -0.572641960000000005  -170.305006310000010217   171.643362639999992325
0002 0157    -1.145280459999999945  -170.221364249999993490   171.640956539999990582
0002 0158    -1.717911900000000047  -170.137673430000006647   171.636887230000013460
0002 0159    -2.290532670000000603  -170.053909000000004426   171.631153240000003279
0002 0160    -2.863139219999999874  -169.970046020000040699   171.623752520000010691
0002 0161    -3.435727879999999956  -169.886059530000011364   171.614682450000003655
0002 0162    -4.008295069999999960  -169.801924409999998034   171.603939819999965266
0002 0163    -4.580837149999999802  -169.717615469999969946   171.591520849999994880
0002 0164    -5.153350480000001177  -169.633107349999988855   171.577421140000012656
0002 0165    -5.725831409999999622  -169.548374569999992900   171.561635719999998173
0002 0166    -6.298276259999999738  -169.463391450000017358   171.544159019999995053
0002 0167    -6.870681349999999910  -169.378132099999987759   171.524984850000009828
0002 0168    -7.443042959999998764  -169.292570430000012038   171.504106400000011945
0002 0169    -8.015357370000002035  -169.206680110000007744   171.481516249999970114
0002 0170    -8.587620819999999711  -169.120434549999998808   171.457206320000011601
0002 0171    -9.159829510000001562  -169.033806859999998551   171.431167929999986654
0002 0172    -9.731979640000000487  -168.946769859999989194   171.403391690000006520
0002 0173   -10.304067379999999332  -168.859296019999987948   171.373867579999995314
0002 0174   -10.876088850000000363  -168.771357490000013968   171.342584890000011910
0002 0175   -11.448040119999999931  -168.682926009999988537   171.309532209999986208
0002 0176   -12.019917270000000542  -168.593972930000006727   171.274697409999987485
0002 0177   -12.591716269999997380  -168.504469169999964606   171.238067669999992404
0002 0178   -13.163433120000000542  -168.414385199999998122   171.199629380000004630
0002 0179   -13.735063739999999299  -168.323691010000004553   171.159368209999996679
0002 0180   -14.306603969999999393  -168.232356070000008685   171.117269030000016983
0002 0181   -14.878049680000000166  -168.140349299999996902   171.073315909999990936
0002 0182   -15.449396610000000862  -168.047639099999997825   171.027492109999968761
0002 0183   -16.020640459999999194  -167.954193209999999681   170.979780019999992646
0002 0184   -16.591776910000000100  -167.859978780000005827   170.930161190000006854
0002 0185   -17.162801500000000487  -167.764962279999991779   170.878616260000029570
0002 0186   -17.733709770000000816  -167.669109490000010965   170.825124950000002855
0002 0187   -18.304497170000001205  -167.572385440000005019   170.769666040000004159
0002 0188   -18.875159050000000605  -167.474754399999966381   170.712217309999999770
0002 0189   -19.445690729999999036  -167.376179839999991827   170.652755549999994855
0002 0190   -20.016087360000000217  -167.276624370000035924   170.591256479999998419
0002 0191   -20.586344079999996382  -167.176049699999992981   170.527694770000010749
0002 0192   -21.156455950000001565  -167.074416619999993827   170.462043950000037285
0002 0193   -21.726417839999999870  -166.971684939999988728   170.394276389999987487
0002 0194   -22.296224599999998617  -166.867813439999991942   170.324363269999992099
0002 0195   -22.865870950000001471  -166.762759820000013633   170.252274530000022423
0002 0196   -23.435351470000004070  -166.656480659999999716   170.177978830000000698
0002 0197   -24.004660650000001709  -166.548931369999962726   170.101443460000012919
0002 0198   -24.573792839999999416  -166.440066099999995686   170.022634360000012066
0002 0199   -25.142742250000001292  -166.329837730000008378   169.941516000000007125
0002 0200   -25.711502999999996888  -166.218197750000030055   169.858051369999998315
0002 0201   -26.280068979999995804  -166.105096290000005865   169.772201889999990954
0002 0202   -26.848434019999995570  -165.990481909999999743   169.683927380000028506
0002 0203   -27.416591700000001453  -165.874301690000010012   169.593185940000012124
0002 0204   -27.984535460000000029  -165.756501039999989189   169.499933940000005350
0002 0205   -28.552258630000000750  -165.637023650000003272   169.404125899999996818
0002 0206   -29.119754230000001627  -165.515811439999993127   169.305714450000039051
0002 0207   -29.687015189999993225  -165.392804449999999861   169.204650220000019090
0002 0208   -30.254034159999996234  -165.267940729999992300   169.100881750000013426
0002 0209   -30.820803579999996202  -165.141156300000005785   168.994355439999992541
0002 0210   -31.387315720000000141  -165.012384980000007317   168.885015379999998686
0002 0211   -31.953562549999997344  -164.881558360000042285   168.772803350000003775
0002 0212   -32.519535759999996571  -164.748605629999985922   168.657658599999990656
0002 0213   -33.085226859999998794  -164.613453469999996059   168.539517819999957737
0002 0214   -33.650626989999999239  -164.476025969999994913   168.418314989999998943
0002 0215   -34.215727029999996489  -164.336244440000029954   168.293981250000001637
0002 0216   -34.780517549999991900  -164.194027320000003556   168.166444750000010799
0002 0217   -35.344988769999993394  -164.049290030000008755   168.035630559999958678
0002 0218   -35.909130570000002081  -163.901944750000012618   167.901460450000001856
0002 0219   -36.472932479999997213  -163.751900379999995039   167.763852780000036091
0002 0220   -37.036383569999998144  -163.599062239999994972   167.622722330000016200
0002 0221   -37.599472609999999406  -163.443331989999990128   167.477980079999980489
0002 0222   -38.162187819999999761  -163.284607359999995424   167.329533069999968120
0002 0223   -38.724517030000001228  -163.122782010000008768   167.177284169999978758
0002 0224   -39.286447610000003294  -162.957745250000016313   167.021131840000009561
0002 0225   -39.847966309999989676  -162.789381880000007641   166.860969979999993029
0002 0226   -40.409059469999995429  -162.617571889999993573   166.696687609999997903
0002 0227   -40.969712780000001828  -162.442190229999994244   166.528168660000005730
0002 0228   -41.529911309999995694  -162.263106520000008004   166.355291670000013937
0002 0229   -42.089639560000001950  -162.080184760000008737   166.177929530000000113
0002 0230   -42.648881279999997673  -161.893283059999987472   165.995949140000021771
0002 0231   -43.207619530000002328  -161.702253230000025042   165.809211110000006784
0002 0232   -43.765836640000003399  -161.506940510000021050   165.617569379999991952
0002 0233   -44.323514060000000825  -161.307183140000006460   165.420870890000003328
0002 0234   -44.880632439999999406  -161.102812000000000126   165.218955130000011877
0002 0235   -45.437171489999997220  -160.893650140000005422   165.011653770000009445
0002 0236   -45.993109959999998182  -160.679512380000005578   164.798790160000010019
0002 0237   -46.548425590000000795  -160.460204790000005914   164.580178899999992836
0002 0238   -47.103094979999994507  -160.235524199999986195   164.355625279999998156
0002 0239   -47.657093590000009442  -160.005257620000037377   164.124924770000006902
0002 0240   -48.210395689999998581  -159.769181659999986778   163.887862360000013950
0002 0241   -48.762974139999997192  -159.527061940000010054   163.644212060000000974
0002 0242   -49.314800489999996103  -159.278652339999979404   163.393736090000032846
0002 0243   -49.865844699999996692  -159.023694379999994908   163.136184279999980618
0002 0244   -50.416075179999999989  -158.761916369999994458   162.871293199999996659
0002 0245   -50.965458669999996744  -158.493032590000012760   162.598785410000004958
0002 0246   -51.513959980000009864  -158.216742490000001453   162.318368560000038769
0002 0247   -52.061542090000003213  -157.932729620000003479   162.029734420000011141
0002 0248   -52.608165800000001866  -157.640660730000007561   161.732557899999989104
0002 0249   -53.153789719999998908  -157.340184630000010202   161.426495979999970132
0002 0250   -53.698370099999998217  -157.030930990000001657   161.111186440000011544
0002 0251   -54.241860580000000880  -156.712509180000012066   160.786246760000011591
0002 0252   -54.784212029999999061  -156.384506880000003548   160.451272710000012012
0002 0253   -55.325372479999998632  -156.046488589999967189   160.105836850000002869
0002 0254   -55.865286679999996977  -155.697994200000010778   159.749487130000005664
0002 0255   -56.403896000000003141  -155.338537269999989121   159.381745130000012978
0002 0256   -56.941138189999996655  -154.967603239999988318   159.002104290000005449
0002 0257   -57.476947020000004329  -154.584647549999999683   158.610028069999998479
0002 0258   -58.011252059999996789  -154.189093589999998812   158.204947820000001002
0002 0259   -58.543978260000010039  -153.780330540000022665   157.786260689999977558
0002 0260   -59.075045630000005303  -153.357710989999986850   157.353327219999982844
0002 0261   -59.604368930000006799  -152.920548410000009198   156.905468829999989566
0002 0262   -60.131857040000006975  -152.468114589999998998   156.441965210000006437
0002 0263   -60.657412739999998053  -151.999636570000035363   155.962051330000008420
0002 0264   -61.180932050000009781  -151.514293759999986833   155.464914490000012393
0002 0265   -61.702303679999999986  -151.011214599999988195   154.949691029999996772
0002 0266   -62.221408470000000079  -150.489473120000013751   154.415462840000003553
0002 0267   -62.738118759999991880  -149.948085240000011709   153.861253740000023527
0002 0268   -63.252297579999996913  -149.386004960000008168   153.286025560000041423
0002 0269   -63.763797940000003450  -148.802120199999990291   152.688674079999998412
0002 0270   -64.272461930000005736  -148.195248579999997673   152.068024759999985918
0002 0271   -64.778119819999986362  -147.564132949999986977   151.422828290000012430
0002 0272   -65.280589030000001571  -146.907436719999992647   150.751755889999998317
0002 0273   -65.779672999999988292  -146.223739219999998795   150.053394739999987451
0002 0274   -66.275160009999993349  -145.511530829999998105   149.326243009999984679
0002 0275   -66.766821809999996162  -144.769208270000007133   148.568705240000014101
0002 0276   -67.254412329999993858  -143.995069709999995666   147.779087379999992891
0002 0277   -67.737665989999996441  -143.187310429999996586   146.955592529999989893
0002 0278   -68.216296070000012719  -142.344018690000041261   146.096316709999996419
0002 0279   -68.689992989999993256  -141.463171950000003108   145.199245200000007117
0002 0280   -69.158422340000001327  -140.542634310000011055   144.262249849999989237
0002 0281   -69.621222779999996533  -139.580154730000003838   143.283087410000007367
0002 0282   -70.078003989999999135  -138.573366730000003599   142.259399180000002616
0002 0283   -70.528344250000003512  -137.519790300000039451   141.188712900000012951
0002 0284   -70.971788169999996398  -136.416835959999986017   140.068446859999966136
0002 0285   -71.407844209999993268  -135.261812090000006492   138.895917220000001180
0002 0286   -71.835982169999994085  -134.051936340000025893   137.668349350000028153
0002 0287   -72.255630749999994578  -132.784351530000009234   136.382893860000024233
0002 0288   -72.666175219999999513  -131.456147549999997182   135.036648380000002589
0002 0289   -73.066955179999993675  -130.064390159999987873   133.626686419999970212
0002 0290   -73.457262719999988576  -128.606157950000010715   132.150094319999993786
0002 0291   -73.836340919999997823  -127.078588659999979882   130.604017560000016829
0002 0292   -74.203383049999999344  -125.478936049999987290   128.985717639999990070
0002 0293   -74.557532489999999825  -123.804638629999999466   127.292640829999996299
0002 0294   -74.897883830000012040  -122.053400570000036396   125.522499030000034281
0002 0295   -75.223485159999995631  -120.223285419999967871   123.673363520000009430
0002 0296   -75.533341980000002991  -118.312822380000056910   121.743771250000008877
0002 0297   -75.826423070000004145  -116.321123230000011972   119.732841729999989866
0002 0298   -76.101668489999980238  -114.248006900000007136   117.640401630000013711
0002 0299   -76.357999859999992509  -112.094129039999984343   115.467114330000001132
0002 0300   -76.594333379999994804  -109.861108279999996284   113.214606190000012020
0002 0301   -76.809595180000002301  -107.551643459999979768   110.885583789999998316
0002 0302   -77.002739230000003090  -105.169611470000006648   108.483931740000002719
0002 0303   -77.172767300000003843  -102.720135229999982585   106.014780700000002867
0002 0304   -77.318750320000006582  -100.209613349999983711   103.484537020000004759
0002 0305   -77.439850539999994794   -97.645699239999999008   100.900861820000002922
0002 0306   -77.535343240000003107   -95.037224809999941044    98.272594740000002389
0002 0307   -77.604637040000000070   -92.394065170000033049    95.609618640000007872
0002 0308   -77.647291330000015819   -89.726945710000052259    92.922666620000001103
